      0/49        0G    0.1137   0.05907    0.0334    0.2062        28       640         0         0  0.003641 0.0007901   0.09146   0.06131   0.02771
      1/49        0G    0.0931   0.06478    0.0253    0.1832        43       640   0.07323   0.08241   0.05448   0.01185   0.06911   0.06082   0.02189
      2/49        0G   0.07204   0.05436   0.02095    0.1474        34       640   0.07234    0.3779    0.2084   0.07389   0.05222   0.04659   0.01931
      3/49        0G   0.06817   0.04527   0.01936    0.1328        19       640    0.0745    0.3929    0.1314    0.0319   0.06627   0.03807   0.01781
      4/49        0G   0.06537   0.04105   0.01768    0.1241        30       640   0.08829    0.4827      0.19   0.05824    0.0551   0.03691   0.01601
      5/49        0G   0.05797   0.03936     0.016    0.1133        66       640    0.1429    0.5515    0.3606    0.1288   0.04537    0.0348   0.01394
      6/49        0G   0.05546   0.03749   0.01385    0.1068        64       640    0.1353    0.5986     0.424    0.1546   0.04301    0.0338   0.01141
      7/49        0G    0.0538   0.03695   0.01152    0.1023        21       640    0.1906    0.5894    0.4713    0.1772    0.0423   0.03182  0.009656
      8/49        0G      0.05   0.03498   0.01079   0.09577        35       640    0.2518    0.5986    0.5067    0.2098   0.03729   0.03153  0.008236
      9/49        0G   0.05227   0.03508  0.009568   0.09692        50       640    0.1937    0.6164     0.454    0.1865   0.03887   0.03168  0.007873
     10/49        0G   0.05197   0.03593  0.009495    0.0974        41       640      0.23    0.6119    0.5047    0.2257   0.03892   0.02986  0.007417
     11/49        0G   0.04982   0.03527  0.008734   0.09382        33       640    0.2702    0.6182    0.5468    0.2964   0.03471   0.02997   0.00705
     12/49        0G   0.04863   0.03422  0.007816   0.09066        30       640    0.2809    0.6224    0.5924    0.3323   0.03414   0.02904  0.006808
     13/49        0G   0.04367   0.03165  0.007788    0.0831        17       640    0.2995    0.6271    0.5931      0.31   0.03447   0.02896  0.006607
     14/49        0G   0.04293   0.03275  0.007717    0.0834        53       640    0.2949    0.6325     0.605    0.3277   0.03272   0.02848  0.005916
     15/49        0G   0.04493   0.03399  0.007694   0.08661        33       640    0.2894    0.6295    0.6041    0.3333    0.0329   0.02823  0.005901
     16/49        0G   0.04577   0.03238  0.007398   0.08555        82       640    0.3157     0.634    0.6071    0.3384   0.03341   0.02834  0.006031
     17/49        0G   0.04524   0.03319   0.00743   0.08586        50       640    0.3289    0.6415    0.6454    0.3729    0.0312   0.02873  0.006186
     18/49        0G    0.0428   0.03186  0.007134   0.08179        59       640    0.4999    0.6874    0.6685    0.3724   0.03045   0.02761  0.005469
     19/49        0G   0.03831   0.03009  0.006894    0.0753        20       640     0.459    0.7045    0.6508    0.3709   0.02825   0.02701  0.005625
